377556647
190683620
21095962
116474784
16647921
182153795
63179096
20871325
145434262
83773506
81156862
346337997
242815126
388921486
14654040
127716830
130327392
129901220
337823099
142071675
74839082
181519260
309862358
164488328
90911838
108825980
70015580
23387336
17380131
151773273
133444436
68687670
64546879
34440759
89701730
177354305
49713907

128650161
16505841
21770192
29687357
61239157
52161331
193877174
174439992
254725046
167277232
96486844
62187870
48106582
42923240
214825225
214825651
214668580
250288355
151304269
41323443
212951665
116530034
230871784
157998544
21288398
19533154
176748048
218192589
273047060
100370074
142156482
53448648
228490641
20678976
272589801
118834961
197571856
145143035
261076336
26658652
21107076
228696974
28981209

124792963
348104820
140830425
33812594
319099189
105311289
17288904
36950721
232144393
133005377
56220316
33563727
42963485
322781847
64531012
212103435
132529101
354433995
169294557
357513402
35640461
327931085
114064560
110415320
18779392
277184588
92732022
26217581
182850294
306142849
33206431
238257724
49403506
19583666
299848903
221478207
281736967
178092099
188036622
198988255
146904818
313784947
216513814
309306556
198999790
336238224
83919211
52453105
59962920
56602261

68610067
105555354
37867585
147739074
80104087
106799947
30814345

41860349
74505400
73798305

338685931
177815949
360671055
331499562
367872849
93842891
9160522
51505453
100633124
117173816
87233750

85492007
213356140
79288961

61451367

105551859
108549711
84271970

43647861
95830713
76564238
34561224

268852198
52725128
106569314
127333458
287523594
63898284
32453484
14270790
232744010
183093528
235015140
144601950
381002281
27788298

47559976
274078404
236714224
113719685
90303160
328155963
30105607
280779756
348266850
211528308
307547379
30773468
350608843
274318765
58266937
52303307
39101211
378058915
389040592
146716027
380096128
23724771
213856510
285294037
375825796
372001803
169659985
309373764
236120193
246597673
228527263
72432850
324755350
359650857
201323169
308748531
75114894
364515298
205328909
347288130
304140243
74740997
63813769
48742573
171849758
250973903
100442303
222352942
44482100
155085226
157880979
136922540
99365633
59846137
145011557
50900863

168744840
49471432
161009167
48611209
129973820
160278540
149043081
160278472
35625571
20747410
138237948
62446513
38628709
41244079

104689879
126145971
35339036

114026457
75818061
194571666
302290378
174373973
64560441
125876910
266706153
40555113
57413973
243241115
32645746
158074138
152042964
66327940
66323513
274545101
372652339
324207648
240485303
166388429
297005869
309470663
326600824
142427317
114165527
146759556
71748346
96357348
104740132
141268118
76005866

38687724
9478842
49963744
134391911
112383046
82112016

81481912
49902076

52065350

112824472
113174578
52193492

89439565

55792720

141344433
53684179

18831520

148517572
115137164
60990255

101133096
258787593
108018842
23933839

138703115
22158320

132465999
63576417
116457691
91058679
50630220
36302970

40638104

112680252
11085112
8334472
5
112962148
122955212
17066102

77699794

154090638
132880704
162442797
26111036

137811322
75002774
18017985

47916003

98974357

48766761

25745774

140104125
106704225
45524208
53364343
53339758
136895023
154154594
125088832
153578437
113707503
123683910
263211191
20594484
108338924
104129726
154867859
45338942
141646469
121118480
66281052
241856764
335943310
131444127
246727116
64406087

177772000
258269456
178135357
164044827
114005229
96858906

101116041
259896080
108425457
30807121
236228161
104627633
238408068
370957809
197640501
142470764
303348571
105160198
42083940
174314228
127971689
232039645
197292404
158597340
169347183
205963501
292687474
161671123
181017716
218616160
54964681
62373207
104076266
165920232
288343880
29966743
267308433
149731441
116012650
234137162
284586930
32293825
256118099
87507199
100589664
154200899
158571486
151998896
188208765
125863505
104885912
236888937
177296272
103834503
65761862
88715414
54002146
88724527
134145466
272490946
51219971
59911208
271456138
95326341
264365693
262926723
243469064
44223656
37856924
237134432
306411485
212348550
151135540
183364597
128140687
192627009
112652239
116674556
296082698
172570532
152858257
137595300
198043111
91923608
132633514
90067736
253664359
54897771
119550069
156023598
93573759
341639988
52853524
288887383
20093745
109213963
216674792
115915504
316155118
58005504
143419606
342611390
106114677
184061876
140601662
138146859
133688252
185671859
369094282
165448199
248911884
366935083
236733115
205184538
188461773
172350703
80198397
324984482
33273237
366951293
187654820
367339596
198041377
368698396
303257685
34781246
52589622
370139112
360111682
168489628
353769485
363930573
367992248
78588856

266025382
98727364
20773690
372359442
287984598
260421188
297651762
365094650
53871086
216382363
311721215
294243777
393839228
316702177
385445384
346548302
367703362
352916924
367797072
37971579
368429921
307642940
130921222
175771717
367284783
201606736
355190416
367615121
75333538
254090785
331369280
30930034
100401857
261556046
367791329
276504226
268492055
312690519
113199812
15101283
360058398
69373156
337063629
27951067
27853365
24149582
341012349
359356437
367319260
143719045
393376365
298843716
242569408
271743225
153201738
211250023
77484017
288466553
391493784
57170993

150018134
54104103
327543353
371246615
150138897
220023013
32295058

367840723
254736096
175357979
367869154
280326358
367898462
286613490
362302581
368355019
227632383
367263163
265703523
162477655
147639236
131736733
291402867
367972786
186568031
169212418
182010845
224051738
15416154

121924256
272097071
264619347
309004008
339236519
20065547

377242040
372674472
189832370
293203368
376838193
144987545
368443251
363583315
319667035
365367484
255988522
129240948
369447756
246195459
275590480
325948351
256265494
124773603
104081497
224472178
352946398
177513055
347560587
52542808

368445801
326765117
311948212
168175167
71013804
169469783
204377203
359972897
40664425
270788401
192649685
139957353
347262174
38724527
138340757
368378690
139080498
259716446
391331726
291501095
385396375
48492198
380865801
364265557
383102957
287578774
146925038
110467966
374822401
360630819
153089572
368465764
331283350
241099522
364722616
19006954
368217702
368409099
369901194
288299351
371145563
73413854
368408207
368370846
130297834
171208494
263423759
230565969
368802145
369244743
90101442
368587172
343709564
368372140
246592071
365763789
267352658
267352658
165826745
165826745
163149844
163149844
334091059
174025273
174025273
266340019
368141218
51408273

51408273
124234563
368854892
46933479
110502609
369205789
369205789
233192697
233192697
40377789
40377789
47955298
47955298
339734851
85740576

85740576
216882394
216882394
368453464
125449477
281858283
281858283
368626271
368626271
355179344
56194114
145832863
369793490
33767021
33767021
368466353
200469353
14551273
43981523
100030571
370130600
368467555
215256344
366283097
366283097
78133100
368891449
33898178
368780891
179671785
358478564
247441736
368696360
219650876
299377543
287550182
42626399
367251593
88862555
149283511
240413406
276650245
343555532
42942371
280660797
21409272

21409272
124711392
124711392
85070359
85070359
300622285
300622285
250685899
250685899
372186831
372186831
71363263
218180329
218180329
48133262
48133262
115121043
115121043
73136419
73136419
187019166
187019166
197998586
197998586
258824639
305873689
305873689
308145016
176030352
359167074
83718300
77519378
370123108
369680065
234889528
312237857
368911961
368911961
155130811
155130811
210320816
182041486
116526365
365572840
323342391
370150739
294427988
125101652
368341543
282044654
355369218
312156585
87946510
179454449
179454449
24704217
283451686
283451686
147936823
147936823
228270231
228270231
116136722
116136722
84273423
130607316
130607316
369242837
369242837
133860745
158467150
61243566

26170844
232840594
232840594
369734318
182819467
182819467
275569856
340655102
340655102
286161646
286161646
356182575
356182575
95819520
95819520
361184187
369275954
369275954
303691045
303691045
310152761
310152761
369310824
361667238
70420595

368567811
369109033
155167739
155167739
195762399
250052362
248271031
193771089
285059193
105430128
393891907
77496735
272268512
393749322
220703945
274007182
307687934
250593795
204375799
155766043
392541805
205505045
193565634
123431611
150070212
164671301
250445198
319104327
98755056
93187058
347159596
182691332
128723017
267282111
213919808
288816425
57573792
86313589
124619400
167413532
378982135
240534197
109517760
212366061
66123804
122497440
163961126
133247640
22206724
34193649

29650137
67254025
70909647
51001586
75753309
34282248
76823735
201653098
42365994

41333461
93213025
63688081

287606050
346466073
303630445
27521612
69482582
352128700
215586458
127893504
274456192
32943343
146037598
36056074
316178970
162787897
311668801
307753334
327160694
44849148
180103330
321411983
353153762
67774878
25777363
182413609
236879353
292752831
308532809
103302053
267396783
249870455
351391221
353117240
116488618
353134658
198167090
353150807
353034431
241241790
293054874
64909271
184713097
337023351
125036946
347844503
351456035
312531848
81343098
327050872
352282682
116283941
79445432
128644214
352350999
352328723
295464915
352326042
23879302
331097678
254483374
82878439
168507044
237352973
28762366
122590826
1857661
101669699
194916492
142593111
75068663
105827638
169847033
251933361
34350204
126841357
67920800
87424247
88999286
102130573
26629157
73329097
66331247
15580253
10110752
312563017
44481790
105431398
88142298
99978872
94097520
381903270
62286824
127081983
44562490
221627131
109448491
259159669
255506831
248055921
52993335
166094254
76537284
50955646
73433832
98033266
60289233
144450549
49639946
80652221
126151501
58732925
86447228
86603732
84227115
67293374
60202972
65972443
67778618
57809906
67772616
68350605
67761454
28546306
19165312
67774637
67774820
67775279
64394401
153946709
67773011
104720404
67539485
44431829
53289493
67775705
67774032
67775191
67718646
176138831
29113584
104112388
327292222
33070203
232938728
38831228
158371969
33057018
83832673
67625858
230307925
71318773
85398387
125662059
23105247
17920567
175257871
113493641
128795935
128004642
100939369
124792436
108162380
19010359
197611904
39885064
75616369
233728174
284218802
161465367
150067106
270784647
64213866
127117089
33067588
73925503
127689040
181267466
149378810
122456690
103208376
86179212
46722066
132509474
28343891
92150536
130250831
104270127
94701852
95289224
45933024
45933049
45932447
45932589
45932830
23703582
45666420
305423051
45663389
125607880
103706310
45939911
45930831
59266153
29066899
29559485
30009561
36562476
28449772
26321492
33956300
45939587
43924854
45937203
43740693
45921421
45665239
30360598
288043428
284356358
307592144
218373270
124295305
329433200
45027795
145928603
209189986
262361613
35780448
24378164
154675995
312239553
52490213
40920092
259413724
66802142
238750542
249992815
232715644
260899731
192001849
54766126
303578210
276816526
248462695
162497767
258676477
225917785
223381835
51566937
246529167
188018555
127426434
258626582
109048533
177418663
44458321
70232492
241247443
249496486
179798489
208320204
295815367
232295552
40104600

211352682
25920513

34128962
179730495
285786903
285786903
39587545
281706094
218371127
34862795

160072550
60072550
52316665
215900321
169116525
223346543
344109602
340768384
239645571
26638394
222722444
301188906
281836664
168752988
257293788
178494609
307576246
211874836
280864671
239240447
246601681
254884810
233060814
185495151
101581774
235323655
25241323
224080773
67039981
85688192
47238800
77934241
63916439
57127075
116527203
46498833
286478119
251925505
316045932
248505239
235788644
248489347
312377612
305387399
18920300
153505826
298808177
23629767
280145263
106620861
29635269
30402628
314354368
242470750
220879363
248510014
306958796
244274960
213158708
101366903
249923198
67423716
186206894
212590228
342417590
22496304
29881539
308039879
187398024
372441671
319876697
252282273
105039968
356584274
359477699
359477699
187637051
83866282
181732874
316167493
78335176
248503213
311793307
287811344
102136532
236993719
303994790
266861267
245199791
269967693
249828036
188644732
150228567
78707114
246663150
43055219
30467760
251361610
179942627
252410262
243723030
247045831
239617837
201517069
150235872
220850517
229970416
125593330
187323247
221996989
125783852
43284358
165076990
195445429
343130090
290768053
179588650
324141570
324141570
346970634
311840853
114667199
121947830
223233851
62947723
62947723
244670404
208309426
196298210
208746954
237570875
44808533
270731718
214031952
372030530
228601388
282076296
269671354
128849852
253707957
252944886
234397562
172617630
156621960
125070741
162089648
182742003
177368212
115299865
144863876
135929999
186295247
338463515
233457522
232628757
243923776
243923776
349324683
351240134
215062500
317439535
317439535
266414830
39656912

250427313
250427313
317881953
317881953
49528737
49528737
57554126
295457353
330778165
330778165
237545474
241758527
133889010
111390463
236708756
236708756
232185411
243846527
243846527
240941571
240941571
47778169
248295198
182666781
38545835
37634712
362150676
276369732
276254195
271282875
151801126
73032074
29871469
48932722
18573350
39696690
73782009
279696166
21714950
80892981
7288832
81490567
336267985
43920113
80998230
161761633
19326736
38470661
41516112
16300967
25041552
39635461
219988327
27589267
232313618
51344354
96753302
338130260
189984552
240913626
237324628
347931455
387739220
319308358
366328154
366328154
84635726
385187981
366655767
345529203
231536568
331217635
235694738
349101589
253872964
234908972
333438953
296420656
317497223
218566672
385975876
250759236
393481890
391843623
381157554
393684395
331379582
240792712
212974374
392238589
314170874
150477294
383863856
325219207
390233115
325219207
350222607
389205911
128683316
380733422
59261712
369578623
385448090
390255118
342783507
59261712
367485278
384716609
362072254
254620428
181575569
385582886
233920668
138295900
131667670
131502583
131587239
131821287
254754921
131850120
131821287
61049589
61049589
130015150
25576215
129247012
45765501
131625502
96862778
131625502
74378640
74378640
36844231
361246213
194470528
162432355
193016827
177142281
97047559
293716845
177467714
215301319
78076017

110353545
10353545
209168245
85646924
215659543
226765795
179264952
25864056
44680435
28711484
85549848
85549848
215373256
217166659
59630952
59630952
170107566
170107566
40228487
28202277
28202277
108485619
219431675
24847174
219430437
101358139
19408621
20024494
38808955
56465456
24601917
24458891
63037518
87853609
279039808
265724843
265724843
30460216
30460216
30794305
101857018
114667942
44780235
270670123
29214369
29214369
16380505
185066999
52063595

52063595
35586074
35586074
78426391
265158014
30832899
30832899
279306375
279306375
37196523
36517296
36517296
69163286
22170908
314783228
205509468
338803942
338803942
25422630
25422630
18163524
18163524
30158858
345663888
345663888
82926413
82926413
342833184
342833184
337971440
337971440
382101012
382101012
16549199
16549199
116960586
307354277
307092543
55864306
385001070
293126660
289002597
80421248
296569217
36085080
256370022
280658986
234397076
234397076
142843141
142843141
190805844
190805844
23633444
373670039
328614141
394208102
390787235
266581129
38010089
153538789
354555016
331156786
34164580
394179993
127225143
106583820
393802500
393802500
394154716
282426330
56019548
394135611
392928030
394133156
394117256
394117554
132217566
38516137
160293562
16516418
111810180
14778827
140467798
288532243
37510353
378115217
189822120
106704166
202479074
113348319
77985608
28355999
117403238
334029025
24363317
74566098
174280225
394012760
307811600
39579077
47907430
290889346
36570480
324940643
18621152
310823376
375100582
233933999
233933999
98847826
45962496
45962496
313023323
393962124
258343511
50588382
386463522
95534197
260536260
389727495
68673981
393929846
20662955

242750040
149009410
387932969
318883379
392593954
392593954
96010700
96010700
109961605
57135687
365854407
132352065
132352065
304674918
94458847
172656759
72656759
166741351
118420677
381006333
381006333
376445397
15878147

15878147
51674253
198292742
14737707

78732711
78732711
26314173
26314173
57219331
135005527
110368224
57857666
55706148
231257942
106617032
372464824
228616278
192365766
243298523
24693960

190391244
172042879
147690093
143228860
195264033
195264033
116522403
313385542
172025820
126491862
115510985
310004967
82176904
139861811
92097717
195854720
214940237
385256378
119687400
163181736
46322017
78489886
110611505
290188691
347395980
311807407
96156847
155707297
198014772
69962527
81262490
103704615
102226059
55488413
56505957
156738008
131244093
108439131
112813838
123599610
123599610
341202733
341202733
108032423
70322082
218306282
145673473
81479819
316678031
201127146
190772076
52554057
72971010
313688487
70583526
114536511
133180005
33776835
71163490
248867781
90762208
352436295
214281865
126499749
96044304
88263301
84214098
136793386
142498558
29573154
88810754
179725736
287743234
77756959
343149378
51200632
267541015
102111150
114009745
187435936
214721026
122567779
301641985
33694328
19897277
112100515
79945374
94484594
72154296
127771457
236198818
144407473
213310298
213310298
279778507
282397397
122174843
211295012
111694338
148221942
72175928
161006652
161006652
146242505
110225841
110225841
147405930
147405930
169748729
103720013
75162747
137135898
186988846
70873373
296247635
84513907
70812930
65700917
168532175
168532175
242921837
104995834
196387919
184179051
128426856
42942014
381445214
350724106
183268903
49759960
123764421
98182929
95484630
56961074
275300144
313456911
348188145
371108300
27495891
150720229
22058028
41383516
69265652
160711373
93558374
314614482
263196979
263734973
32560865
230323560
49938665

262730924
94956442
393387788
262670901
249588282
263513693
224704836
173324390
83329287
19679455
261508037
184778300
76557682
30846722
263107804
376806932
279146929
276835359
393899798
393366547
393298894
392344343
393109132
180344152
180344152
345327476
345327476
392690402
319075790
392691345
392691345
392677282
392677282
64360910
64360910
68425741
68425741
34626393
66369674
68423741
66201937
126824104
326525306
324947308
185553310
186054057
301384598
283609551
218919523
241899353
296859586
333903389
270843386
367066490
368760748
368760748
140486094
310462511
143435156
219893931
256499150
361823426
343240706
233104179
204839889
147997206
218079392
149774150
122216114
353651218
147576851
263085911
350832474
350528717
319516717
345840939
102050596
340979200
218538010
158534790
180839887
187596805
189028066
282464114
218144829
183115444
127345592
334067165
117557706
223789325
125895934
216967007
303524378
59698457
282900070
195150679
269232913
241162435
313119193
326120703
321396248
269252662
168364027
179062042
179062042
322648678
188767697
135706546
135706546
138886996
321072465
72093420

72093420
211601736
218497910
218497910
52398260
94251667
172838323
310289328
310216514
26658111

26658111
275532001
135456365
135456365
263612833
291711049
224942766
134378622
134378622
115719928
115719928
139135555
244015853
309447431
255090240
267462224
267462224
158531004
105417162
214377967
214377967
141480440
191328492
152901895
143061438
192820337
238166107
48204003

48204003
156964614
176045825
115600444
269397778
173383442
224817517
301864149
225845744
245187891
297810304
298092496
299157603
286774548
155524886
156408052
261966021
156179652
295157050
99401096
112378589
205766245
277811128
293635664
291068907
291068907
121427135
121427135
225785966
253421370
203508904
214931016
276912269
276912269
210430792
192247958
127212757
145497637
277134683
246491019
58125393

318694924
18694924
179395776
338572062
337011077
37617002
349958368
340552230
67530593
171342491
188475277
287305658
248005548
42157882
123618831
142757108
210658361
54095112
113512137
195059409
122388354
55937302
120555411
134873846
242924113
131651290
257951253
133104418
300972906
83884114
147333891
208901331
208901331
26422557
15606583
181026736
184288567
93725589

93725589
43808560
287389185
19052377

19052377
37960643
37960643
105243989
63974864

207813916
48198015

65287241
164356765
201773738
62370364

62370364
225942709
225942709
21052050
144799056
92243368
109769771
216525870
145892444
184975568
129679512
129679512
170562508
160809740
177094176
46883206
140605390
140605390
31163742
31163742
178218455
158612697
162986028
183920360
183920360
183891658
183891658
156341631
68619018
375855369
340028364
187389596
185427518
64514196
139874282
125482883
353507029
233235531
262366920
171321747
155342002
309213515
61533339
28747255
146139928
146139928
288977909
73800906
220801273
310398124
135504013
319711253
332608086
277857878
335702228
47742347
116366244
183780974
201939351
152123699
319676847
328815456
307573995
223696127
190835346
112616849
303362374
120589998
254568685
244586838
239875405
325867725
185425810
329380218
152085485
200663703
39827936
102751114
255345772
319002414
111157157
174500191
152021989
81614516
81614516
259153480
64603095
394157708
42247060
346853766
222229261
330845834
25731907

175507457
141307172
327857024
179821302
148669887
134959959
308519571
88497838
135745770
160996443
350902305
177296520
265469359
307871368
394703099
31644540
251406431
226756668
306216804
197684329
127563391
90496048
380068434
50034900
382072882
165177476
248849133
114348808
393481319
26969749
141881969
240182235
392630043
220091570
392492513
72763248
319936928
30339316
216770894
358678913
39886560
151720408
378643763
108146658
199968113
22521986
388990893
262916499
199361159
18597430
307982669
245049914
390449671
37820258
367406415
390457186
95453635
389790121
167503188
258679540
282386173
30966199

325366096
160953538
241771087
383707798
139692088
40963990
286710073
370230971
387954150
210917539
363704885
387816971
291911850
146210072
151772050
293628262
387039216
255896094
294446043
385173223
24747770
386210183
41991309
372585978
307066901
131642234
359728085
47176322
18685340
123753577
311184471
43872618
385204864
49243522
359418536
377746428
42171318
110590616
383367516
301582358
386532396
388142192
144516463
312185248
34358647
263776110
150151947
385137592
228020886
384889062
381700807
373660375
314032149
19965514
382555151
73053781
367447131
195640721
373111424
190572265
366929880
34292715

189838587
92631450

322880211
62687782

129018382
119639734
95499989

107920522
291785581
38562845

55798205
148240088
373248208
373248208
333778230
67863311
75989510
356129927
286735222
332098841
208596229
369160923
45758890
369221277
369221277
38813533
38813533
195819849
344395319
150631775
195819849
357964950
158485981
354979552
64485804
357964950
306499404
306499404
354556843
365743305
89070708
147122680
190411414
365743305
338822381
338822381
44757417
334380861
44757417
317036246
218208481
317036246
210670092
172079780
210670092
311101867
311101867
329497392
52426666

52426666
61402422
318641493
318641493
318258910
318258910
26502892
130091977
146428545
26502892
339090209
344174714
344174714
271687672
143632275
124797996
351141481
341263893
345075786
192370390
238548858
98082150
312143158
312143158
333160860
22383910
190826884
345272613
242705269
111441431
82980188
327096114
274574339
331059149
333966415
258588300
337972476
234991358
338072890
251389039
337566761
223627765
330006249
252804628
175606138
285027463
58696978
73133401
69263435
86743974
58461830
19083009
252717993
313515017
369070234
36072160
230243666
29723866
62506519
21526014
53204630
245487579
17837633
185356276
130115590
261622180
128544969
163297861
97719358
128181734
177988445
28395334
250695274
216145784
315303963
132902528
261769368
150309752
20853333
30922944
283026947
379853810
237845408
332582147
343494261
221386921
104336772
298050888
44917789
47103489
146130655
62658239
267220120
234522923
268708154
148196111
111410503
226389848
150434042
120671236
31345686
25166595
62290655
34610490
27056978
118969649
308887607
109748270
116032213
117601486
184597745
163588930
160255943
102084377
169150736
189039208
171591877
72163684
274150127
40269968
37006912

243879978
126734460
153317127
228216297
102194828
208254159
286988824
122531003
263975561
251763534
314348525
155943726
128676356
228971696
221567927
187702630
86791977
171789954
237536458
270987143
94467719
334342806
270118398
338088494
335029667
245568820
136033357
133453372
335712325
186237918
228587605
94964119
257738797
150054754
30991793
330051820
337925766
185843031
338013759
94947418
86134421
338706675
272856046
281618578
159613742
210717271
281782360
336296136
190410559
98273780
216009287
60362031
324690622
288015089
14146506
15852505
15269984
129150373
135809535
119284452
86362204
16696386
44301693
50659865
75668362
25557392
361751528
136864894
114259863
142048807
77137993
194875064
184909406
352714472
95986972
86805578
119447430
75122591
24543041
160572960
215688728
38855113
128677222
237001896
204927844
211125289
57513894
227740364
263158361
239709424
263223723
208393780
43090109
263199772
256571776
394870102
394078838
389752554
135287608
135180136
282938460
295183042
194081227
257603037
241122215
170411611
34621018
28379624
82678017
67631037
131899036
136961966
133061932
126776283
115456032
58367414
167860442
79182984
275557941
192527003
275986771
139598226
240114856
258685087
212796108
248452484
253273862
232586195
253134301
186780168
82933138
181316568
183926368
247649553
191019142
130771017
101915619
18260167
174445993
146535723
96782048
96781392
184822033
93353302
30926877
117820216
151341524
94249543
93290796
114783736
141513263
25036572
171325373
58488346
135578448
40697328
24142737
160016209
162836585
30701618
33894564
172067757
86138949
237811623
90690780
16953874
22560941
50593010
6612962
32393450
136880988
350074618
355957604
388672936
181433911
326702827
379548824
359824700
265282920
120987360
384228897
268097174
130705088
187529422
196902602
373091203
346969241
379677718
376650597
376640416
375093227
365304751
369403795
264616621
246225226
49273977
28092710
362923141
72458047
310796065
44869986
332352040
261422304
64257874
68367615
54587608
146357678
146190712
148738211
13620352
394186926
239450959
618833
2712331
202781817
